[detector.eres]
Cathode = 1.773002943303851
L1 = 0.15919939761919721
L10 = -1.0
L11 = 0.14533148715128874
L12 = -1.0
L13 = 0.15636032360942043
L14 = -1.0
L15 = 0.1580601648693758
L16 = -1.0
L2 = -1.0
L3 = 0.15270146922238226
L4 = -1.0
L5 = 0.15121771028079678
L6 = -1.0
L7 = 0.14070540528175801
L8 = -1.0
L9 = 0.14262453784984785
R1 = -1.0
R10 = 0.22416146919417201
R11 = -1.0
R12 = 0.23825257025439583
R13 = -1.0
R14 = 0.26104943844266693
R15 = -1.0
R16 = 0.26937224722537145
R2 = 0.20803538058008542
R3 = -1.0
R4 = 0.20973379104853862
R5 = -1.0
R6 = 0.20897623033752666
R7 = -1.0
R8 = 0.21356583635603421
R9 = -1.0
S0 = 0.34401881320419392
S17 = 0.18342262139901155
