[detector.eres]
Cathode = 29.442325266525813
L1 = 0.1115594267307074
L10 = -1.0
L11 = 0.10183317794890301
L12 = -1.0
L13 = 0.11381636688425356
L14 = -1.0
L15 = 0.11416910305764683
L16 = -1.0
L2 = -1.0
L3 = 0.10708286086800278
L4 = -1.0
L5 = 0.10693522965996616
L6 = -1.0
L7 = 0.10172066860130968
L8 = -1.0
L9 = 0.099769155489520589
R1 = -1.0
R10 = 0.22128350406719033
R11 = -1.0
R12 = 0.26312855479706521
R13 = -1.0
R14 = 0.31701291446540036
R15 = -1.0
R16 = 0.36677036939504504
R2 = 0.13627595397566594
R3 = -1.0
R4 = 0.14809903493111065
R5 = -1.0
R6 = 0.16560526825129118
R7 = -1.0
R8 = 0.1849081589697219
R9 = -1.0
S0 = 0.49160636344136588
S17 = 0.61876040547964095
