[detector.eres]
Cathode = -1.0
L1 = 8.148637269951676
L10 = -1.0
L11 = 10.806363059659104
L12 = -1.0
L13 = 10.724339987165052
L14 = -1.0
L15 = 11.045604884529068
L16 = -1.0
L2 = -1.0
L3 = 11.561250354980796
L4 = -1.0
L5 = 10.878283936108975
L6 = -1.0
L7 = 10.325840514545064
L8 = -1.0
L9 = 10.813998688401114
R1 = -1.0
R10 = 6.8520194057689423
R11 = -1.0
R12 = 6.3371673945904989
R13 = -1.0
R14 = 6.0167426819952805
R15 = -1.0
R16 = 5.3097669170521433
R2 = 5.1902604010511864
R3 = -1.0
R4 = 8.2243347023151561
R5 = -1.0
R6 = 7.598730171047813
R7 = -1.0
R8 = 7.5613461570293046
R9 = -1.0
S0 = 9.7578760083132661
S17 = 5.3501756239959777
