[detector.eres]
Cathode = -1.0
L1 = 8.7890943376571684
L10 = -1.0
L11 = 12.448913708028863
L12 = -1.0
L13 = 12.537553183528093
L14 = -1.0
L15 = 13.064612941083533
L16 = -1.0
L2 = -1.0
L3 = 12.597714242200126
L4 = -1.0
L5 = 12.063545330071276
L6 = -1.0
L7 = 11.608915254257264
L8 = -1.0
L9 = 12.489912502881452
R1 = -1.0
R10 = 7.3223542781263644
R11 = -1.0
R12 = 6.8156265873604864
R13 = -1.0
R14 = 6.4501983281684607
R15 = -1.0
R16 = 5.6866093159151978
R2 = 6.1470984396951396
R3 = -1.0
R4 = 8.8253381282724739
R5 = -1.0
R6 = 8.0781598356499789
R7 = -1.0
R8 = 7.9478062849734679
R9 = -1.0
S0 = 10.421029390916875
S17 = 6.047180700701527
