[detector.eres]
Cathode = 1.869651038937036
L1 = 0.12537120877569752
L10 = -1.0
L11 = 0.16732655470762303
L12 = -1.0
L13 = 0.20353271591431188
L14 = -1.0
L15 = 0.20589610962831273
L16 = -1.0
L2 = -1.0
L3 = 0.16817856510071394
L4 = -1.0
L5 = 0.16856774981124367
L6 = -1.0
L7 = 0.15111278797769501
L8 = -1.0
L9 = 0.15519100194394131
R1 = -1.0
R10 = 0.20270747005593392
R11 = -1.0
R12 = 0.2055019553959454
R13 = -1.0
R14 = 0.21956867316878537
R15 = -1.0
R16 = 0.22398627712727048
R2 = 0.14769386562428366
R3 = -1.0
R4 = 0.19595265061234102
R5 = -1.0
R6 = 0.19403576011968049
R7 = -1.0
R8 = 0.19514830138447792
R9 = -1.0
S0 = 0.61021719526709006
S17 = 0.65647759676603101
