[detector.eres]
Cathode = 1.8785309347847274
L1 = 0.1226338814826784
L10 = -1.0
L11 = 0.16785049532786545
L12 = -1.0
L13 = 0.20447985986941086
L14 = -1.0
L15 = 0.20577511125065984
L16 = -1.0
L2 = -1.0
L3 = 0.16767203165783595
L4 = -1.0
L5 = 0.1690489961055377
L6 = -1.0
L7 = 0.1505935407382184
L8 = -1.0
L9 = 0.15428744633391878
R1 = -1.0
R10 = 0.20652421442065183
R11 = -1.0
R12 = 0.21018590115986058
R13 = -1.0
R14 = 0.22188232570070188
R15 = -1.0
R16 = 0.23567661451888267
R2 = 0.15411596031594055
R3 = -1.0
R4 = 0.20248445897429734
R5 = -1.0
R6 = 0.19970595084810672
R7 = -1.0
R8 = 0.19848203940563725
R9 = -1.0
S0 = 0.65255215877058426
S17 = -1.0
