[detector.eres]
Cathode = 1.7932380349812149
L1 = 0.096068864063073356
L10 = -1.0
L11 = 0.13738310258103148
L12 = -1.0
L13 = 0.14981102988798511
L14 = -1.0
L15 = 0.15005357893079818
L16 = -1.0
L2 = -1.0
L3 = 0.14721196326203767
L4 = -1.0
L5 = 0.14477596120397607
L6 = -1.0
L7 = 0.13677847789656283
L8 = -1.0
L9 = 0.13609810958339352
R1 = -1.0
R10 = 0.18342195835276964
R11 = -1.0
R12 = 0.1849876240040853
R13 = -1.0
R14 = 0.19352842639042578
R15 = -1.0
R16 = 0.2008419826117418
R2 = 0.12257979562034649
R3 = -1.0
R4 = 0.17336297609291673
R5 = -1.0
R6 = 0.17191294012195613
R7 = -1.0
R8 = 0.17438244172211448
R9 = -1.0
S0 = 0.47242342620409516
S17 = 0.57496760818192882
