[detector.eres]
Cathode = 1.7704245432875467
L1 = 0.23101769742967093
L10 = -1.0
L11 = 0.19152292352084999
L12 = -1.0
L13 = 0.26018638424147866
L14 = -1.0
L15 = 0.25709379163909141
L16 = -1.0
L2 = -1.0
L3 = 0.20899742205959448
L4 = -1.0
L5 = 0.206976250279026
L6 = -1.0
L7 = 0.16889185716747335
L8 = -1.0
L9 = 0.1688717253775458
R1 = -1.0
R10 = 0.17456675431916313
R11 = -1.0
R12 = 0.17608181697471892
R13 = -1.0
R14 = 0.17090141564523353
R15 = -1.0
R16 = 0.16803087642727643
R2 = 0.17561825815446497
R3 = -1.0
R4 = 0.17326602849420247
R5 = -1.0
R6 = 0.17813872395092289
R7 = -1.0
R8 = 0.17349120459213285
R9 = -1.0
S0 = 0.1494466872100535
S17 = 0.36125472492483901
