[detector.eres]
Cathode = 1.8542450871819085
L1 = 0.1243645489465095
L10 = -1.0
L11 = 0.16713208751576403
L12 = -1.0
L13 = 0.20430589219021122
L14 = -1.0
L15 = 0.20486752681291609
L16 = -1.0
L2 = -1.0
L3 = 0.16798310392464266
L4 = -1.0
L5 = 0.16806181137041953
L6 = -1.0
L7 = 0.15023132463209166
L8 = -1.0
L9 = 0.15478244131371888
R1 = -1.0
R10 = 0.19769960045121771
R11 = -1.0
R12 = 0.20291038606158907
R13 = -1.0
R14 = 0.21355702333858773
R15 = -1.0
R16 = 0.21861137595516311
R2 = 0.14587202235167851
R3 = -1.0
R4 = 0.19058188143528909
R5 = -1.0
R6 = 0.18951915407146913
R7 = -1.0
R8 = 0.19188893476695057
R9 = -1.0
S0 = 0.5952752897613891
S17 = 0.63394025596047499
