[detector.eres]
Cathode = -1.0
L1 = 0.87580652823452709
L10 = -1.0
L11 = 0.76615022112972042
L12 = -1.0
L13 = 0.72707767859066053
L14 = -1.0
L15 = 0.68226753350317182
L16 = -1.0
L2 = -1.0
L3 = 0.84515947037543881
L4 = -1.0
L5 = 0.81387700976467059
L6 = -1.0
L7 = 0.77342011902326036
L8 = -1.0
L9 = 0.79536535257850716
R1 = -1.0
R10 = 0.44213146657564906
R11 = -1.0
R12 = 0.41980198853167572
R13 = -1.0
R14 = 0.39247027020864067
R15 = -1.0
R16 = 0.36178784962318034
R2 = 0.55804686105025958
R3 = -1.0
R4 = 0.55108095659204182
R5 = -1.0
R6 = 0.49048764136319178
R7 = -1.0
R8 = 0.46743951760840474
R9 = -1.0
S0 = 0.57694582416738172
S17 = 0.38104703100147574
