[detector.eres]
Cathode = -1.0
L1 = 0.66704090014138728
L10 = -1.0
L11 = 0.52933213457546557
L12 = -1.0
L13 = 0.51020318394976982
L14 = -1.0
L15 = 0.48592453070370212
L16 = -1.0
L2 = -1.0
L3 = 0.61901178080569252
L4 = -1.0
L5 = 0.59595968242388331
L6 = -1.0
L7 = 0.56281526026105411
L8 = -1.0
L9 = 0.56160578631288338
R1 = -1.0
R10 = 0.40132774479289779
R11 = -1.0
R12 = 0.37627488211639104
R13 = -1.0
R14 = 0.35636300599022519
R15 = -1.0
R16 = 0.32708416943432095
R2 = 0.49958544110823944
R3 = -1.0
R4 = 0.48134472951984186
R5 = -1.0
R6 = 0.43757023578509369
R7 = -1.0
R8 = 0.42777115350618011
R9 = -1.0
S0 = 0.54371645213442754
S17 = 0.34750286313829548
