[detector.eres]
Cathode = -1.0
L1 = 0.49750375724017637
L10 = -1.0
L11 = 0.40193927336046542
L12 = -1.0
L13 = 0.38319650415133921
L14 = -1.0
L15 = 0.35343599699963946
L16 = -1.0
L2 = -1.0
L3 = 0.4774377738505251
L4 = -1.0
L5 = 0.46284747029364759
L6 = -1.0
L7 = 0.43512961437490727
L8 = -1.0
L9 = 0.4152573402996822
R1 = -1.0
R10 = 0.35345797583759619
R11 = -1.0
R12 = 0.3284782681075189
R13 = -1.0
R14 = 0.31652903060170701
R15 = -1.0
R16 = 0.27883100512777048
R2 = 0.45797038946134627
R3 = -1.0
R4 = 0.41815969295212696
R5 = -1.0
R6 = 0.39092423353425243
R7 = -1.0
R8 = 0.39593193758314271
R9 = -1.0
S0 = 0.44539974705686625
S17 = 0.27009400089132374
