[detector.eres]
Cathode = 31.056799178108122
L1 = 0.10985027512499634
L10 = -1.0
L11 = 0.10021862642530976
L12 = -1.0
L13 = 0.11176866801116603
L14 = -1.0
L15 = 0.11236913522669711
L16 = -1.0
L2 = -1.0
L3 = 0.10503687299844433
L4 = -1.0
L5 = 0.10493719120514378
L6 = -1.0
L7 = 0.10086672100028338
L8 = -1.0
L9 = 0.098918540307737501
R1 = -1.0
R10 = 0.20784124889442834
R11 = -1.0
R12 = 0.23145978492129782
R13 = -1.0
R14 = 0.25940503244561519
R15 = -1.0
R16 = 0.2857085839224851
R2 = 0.13168050741683857
R3 = -1.0
R4 = 0.1442765503678558
R5 = -1.0
R6 = 0.16325814342567124
R7 = -1.0
R8 = 0.18092161413417784
R9 = -1.0
S0 = 0.52802537261143101
S17 = 0.71810949041785932
