[detector.eres]
Cathode = 1.9113976396237149
L1 = 0.22590903636985793
L10 = -1.0
L11 = 0.18816569319308663
L12 = -1.0
L13 = 0.25695801337339219
L14 = -1.0
L15 = 0.25588393900517303
L16 = -1.0
L2 = -1.0
L3 = 0.20605000290502495
L4 = -1.0
L5 = 0.20433727416982883
L6 = -1.0
L7 = 0.16527972240409561
L8 = -1.0
L9 = 0.16609051121264606
R1 = -1.0
R10 = 0.20508112695302749
R11 = -1.0
R12 = 0.20475122652318234
R13 = -1.0
R14 = 0.20298711172386241
R15 = -1.0
R16 = 0.19718858039734499
R2 = 0.20753661933548528
R3 = -1.0
R4 = 0.20304903259714813
R5 = -1.0
R6 = 0.21761081416128114
R7 = -1.0
R8 = 0.21234993628337762
R9 = -1.0
S0 = 0.13322931161001694
S17 = 0.34436124159391568
