[detector.eres]
Cathode = 1.9387119310495393
L1 = 0.22139441620180911
L10 = -1.0
L11 = 0.17928189336917555
L12 = -1.0
L13 = 0.24424724056837022
L14 = -1.0
L15 = 0.24161695188571031
L16 = -1.0
L2 = -1.0
L3 = 0.20727688298606139
L4 = -1.0
L5 = 0.2024577077817602
L6 = -1.0
L7 = 0.16355670113015108
L8 = -1.0
L9 = 0.16184793591562574
R1 = -1.0
R10 = 0.26262179571361166
R11 = -1.0
R12 = 0.2792707897498623
R13 = -1.0
R14 = 0.23608366082083165
R15 = -1.0
R16 = 0.20658905981290232
R2 = 0.2054490023615454
R3 = -1.0
R4 = 0.2798817540265226
R5 = -1.0
R6 = 0.28055476610866492
R7 = -1.0
R8 = 0.27238829042700274
R9 = -1.0
S0 = 0.37178224892112155
S17 = -1.0
