[detector.eres]
Cathode = 1.8674009245800391
L1 = 0.17561789466421374
L10 = -1.0
L11 = 0.14420320763631711
L12 = -1.0
L13 = 0.16080288815892896
L14 = -1.0
L15 = 0.16090960009479183
L16 = -1.0
L2 = -1.0
L3 = 0.1625475331364612
L4 = -1.0
L5 = 0.15757710352220844
L6 = -1.0
L7 = 0.14430205100914861
L8 = -1.0
L9 = 0.14337639622308096
R1 = -1.0
R10 = 0.18963636272662399
R11 = -1.0
R12 = 0.18774561593325245
R13 = -1.0
R14 = 0.18381557020901163
R15 = -1.0
R16 = 0.18066112090453501
R2 = 0.18610194436246097
R3 = -1.0
R4 = 0.18564491061610688
R5 = -1.0
R6 = 0.18985206683680644
R7 = -1.0
R8 = 0.18985573007328505
R9 = -1.0
S0 = 0.12916576783656453
S17 = 0.30248445055481454
