[detector.eres]
Cathode = 1.9216876468180999
L1 = 0.22686125860175821
L10 = -1.0
L11 = 0.1891231104495148
L12 = -1.0
L13 = 0.25697894155284473
L14 = -1.0
L15 = 0.25685825004707397
L16 = -1.0
L2 = -1.0
L3 = 0.20658054008947602
L4 = -1.0
L5 = 0.20391527889859518
L6 = -1.0
L7 = 0.1660906940146667
L8 = -1.0
L9 = 0.16654185242146013
R1 = -1.0
R10 = 0.21472313951439226
R11 = -1.0
R12 = 0.2107292699642116
R13 = -1.0
R14 = 0.21443792244394366
R15 = -1.0
R16 = 0.20101972664263101
R2 = 0.20353447949547743
R3 = -1.0
R4 = 0.20108283485494471
R5 = -1.0
R6 = 0.22228484206033983
R7 = -1.0
R8 = 0.21145853238945733
R9 = -1.0
S0 = 0.1377262211411292
S17 = 0.3543256451019019
