[detector.eres]
Cathode = 1.9479750773154478
L1 = 0.22055405120917548
L10 = -1.0
L11 = 0.18739566887735037
L12 = -1.0
L13 = 0.25037335669603067
L14 = -1.0
L15 = 0.24686320597579225
L16 = -1.0
L2 = -1.0
L3 = 0.20988783614109963
L4 = -1.0
L5 = 0.19984920943272755
L6 = -1.0
L7 = 0.16526087749852536
L8 = -1.0
L9 = 0.16682067185424998
R1 = -1.0
R10 = 0.31980628200203398
R11 = -1.0
R12 = 0.28433428247332415
R13 = -1.0
R14 = 0.37627763051474972
R15 = -1.0
R16 = 0.41342348739643953
R2 = 0.29652488281410427
R3 = -1.0
R4 = 0.28617864833266538
R5 = -1.0
R6 = 0.30575183200138412
R7 = -1.0
R8 = 0.34647992789992088
R9 = -1.0
S0 = 0.41042944514632396
S17 = -1.0
