[detector.eres]
Cathode = 1.9029227774473512
L1 = 0.22177158357489102
L10 = -1.0
L11 = 0.18705154455609962
L12 = -1.0
L13 = 0.25789942530818255
L14 = -1.0
L15 = 0.25290405207456867
L16 = -1.0
L2 = -1.0
L3 = 0.20527932926117742
L4 = -1.0
L5 = 0.20110374117122065
L6 = -1.0
L7 = 0.1626830571403497
L8 = -1.0
L9 = 0.16390548794669124
R1 = -1.0
R10 = 0.20222066829321816
R11 = -1.0
R12 = 0.20383441355240706
R13 = -1.0
R14 = 0.2040736962363825
R15 = -1.0
R16 = 0.19963952852519729
R2 = 0.2007469117695031
R3 = -1.0
R4 = 0.19644094445153426
R5 = -1.0
R6 = 0.20352071333957422
R7 = -1.0
R8 = 0.20300352054042836
R9 = -1.0
S0 = 0.12164207785946246
S17 = -1.0
