[detector.eres]
Cathode = 1.929005704900689
L1 = 0.22335715565553116
L10 = -1.0
L11 = 0.18958828057480481
L12 = -1.0
L13 = 0.25768003199162415
L14 = -1.0
L15 = 0.24796516431764282
L16 = -1.0
L2 = -1.0
L3 = 0.20730212143723481
L4 = -1.0
L5 = 0.20232902944013986
L6 = -1.0
L7 = 0.16450333374953985
L8 = -1.0
L9 = 0.1648541505289689
R1 = -1.0
R10 = 0.2192599574684424
R11 = -1.0
R12 = 0.21958893326270079
R13 = -1.0
R14 = 0.22143198235460115
R15 = -1.0
R16 = 0.24236750484392111
R2 = 0.22378005238276355
R3 = -1.0
R4 = 0.20796173859916545
R5 = -1.0
R6 = 0.23059802992978717
R7 = -1.0
R8 = 0.23192378261486191
R9 = -1.0
S0 = 0.21318249247865229
S17 = -1.0
